% MATLAB の rng(0); randn(360,1) の値（vie_sec14_recognition.m の学習データ 3×30×2 とテストデータ 3×30×2 の順）
0.53766713954610001
1.8338850145950865
-2.2588468610036481
0.86217332036812055
0.31876523985898081
-1.3076882963052734
-0.43359202230568356
0.34262446653864992
3.5783969397257605
2.7694370298848772
-1.3498869401565212
3.0349234663318545
0.72540422494610557
-0.063054873189656191
0.71474290382609584
-0.20496605829977463
-0.12414434821631191
1.4896976077854649
1.4090344898004792
1.4171924134296139
0.6714971336080805
-1.2074869226850378
0.71723865132883846
1.6302352891647292
0.48889377031178938
1.0346930099178602
0.7268851333832379
-0.30344092478601592
0.29387146709665807
-0.78728280375863757
0.8883956317576418
-1.1470701069691505
-1.0688704581680317
-0.80949869442487554
-2.9442841619948963
1.4383802928150984
0.32519053945619786
-0.75492831916970338
1.3702985400952279
-1.711516418853698
-0.10224244608549089
-0.24144704160735794
0.3192067391655018
0.31285859663742843
-0.86487991732445646
-0.030051296196268559
-0.1648790192090383
0.62770728752872651
1.093265669039484
1.1092732976143975
-0.8636528219887144
0.077359091130424926
-1.2141170436154092
-1.1135007414867644
-0.0068493281033480645
1.5326303082847499
-0.76966591375368187
0.37137881276005774
-0.22558440227125193
1.1173561388144666
-1.0890642950522358
0.032557464164973467
0.55252702111222374
1.1006102178808663
1.544211895503951
0.085931133175425459
-1.4915903106376094
-0.74230183725985666
-1.0615817333199864
2.3504572240020423
-0.61560188146689432
0.74807678370398512
-0.19241851058826356
0.88861042542072077
-0.76484923656787418
-1.4022689693387587
-1.4223759250914965
0.48819390985994066
-0.17737515661882522
-0.19605348780733281
1.4193101506425494
0.29158437398418252
0.19781105346436073
1.5876990899740593
-0.8044659563495471
0.69662441584960733
0.83508816507268191
-0.24371514037795219
0.21567008640374441
-1.1658439314820488
-1.1479527788985942
0.10487471601649398
0.72225403222500162
2.5854912526162415
-0.66689067070138552
0.1873310245789398
-0.082494425370955402
-1.9330229178509866
-0.43896615393477334
-1.7946788414551234
0.84037552975390539
-0.88803208232901032
0.10009283313932248
-0.54452892999054769
0.30352079464935428
-0.60032656213373414
0.48996532117394792
0.73936312360447398
1.7118877829815546
-0.19412353575826538
-2.1383552694399386
-0.83958874733661359
1.3545943280046437
-1.0721552883842516
0.96095386974056685
0.12404980000319252
1.4366966227189388
-1.9608999993650327
-0.19769822597415024
-1.2078454852597988
2.9080080307293619
0.82521889422849093
1.3789719779166141
-1.0581802579873616
-0.46861558110062412
-0.27246940925018748
1.0984246178886228
-0.27787193278763889
0.7015414581632835
-2.0518162999111493
-0.35384999777443327
-0.82358652515685271
-1.5770570227992016
0.50797465090594562
0.28198406367055617
0.03347988224445142
-1.3336779434281061
1.1274922783415902
0.35017941060331165
-0.2990660303329824
0.022889792751629775
-0.26199543496609196
-1.7502123684467896
-0.28565097159532982
-0.83136651156762431
-0.97920630516730212
-1.1564016556640022
-0.53355710931598743
-2.0026357358830604
0.96422942263162748
0.52006010145545756
-0.020027851642538078
-0.034771086028482959
-0.79816358456414238
1.0186852821285755
-0.13321747950773469
-0.71453016378715839
1.3513857684266568
-0.2247710560525841
-0.58902903072080126
-0.29375359773541609
-0.8479262436379339
-1.1201283012437278
2.5259996921183094
1.6554975928873457
0.30753515923825192
-1.2571183593520534
-0.86546803055480381
-0.17653411423145093
0.79141606162863398
-1.3320044213152473
-2.3298671558050761
-1.4490972928387393
0.33351083306580587
0.39135360443290096
0.45167941892823754
-0.13028465314572063
0.18368909586194213
-0.47615301661907383
0.86202161155692203
-1.3616944708707543
0.45502955644433435
-0.84870937993365902
-0.3348869389640477
0.55278334594455014
1.039090653504956
-1.1176386832652081
1.2606587091208963
0.66014314104697769
-0.067865553542687335
-0.19522119789875436
-0.21760635014319193
-0.30310762135174091
0.023045624425105282
0.051290355848774699
0.82606279021159545
1.5269766867333727
0.46691443568470004
-0.20971333838873671
0.62519035708762571
0.18322726300143696
-1.0297675435666211
0.94922183113102254
0.30706191914670344
0.13517494209945566
0.51524633552484855
0.26140632405538267
-0.94148577095543373
-0.16233767280382774
-0.14605463433152618
-0.53201137680882071
1.6821035946631788
-0.8757293461600173
-0.4838150501101211
-0.7120045490274225
-1.1742123314568162
-0.19223951753927476
-0.27407022993260222
1.5300725144240961
-0.24902474251371379
-1.0642134128893268
1.6034572981200441
1.2346791468907778
-0.22962645096318049
-1.506159703979719
-0.4446278164469854
-0.15594103572476894
0.27606825393153617
-0.2611636457764786
0.44342191290409133
0.39189420943244907
-1.2506789068264075
-0.94796092233143203
-0.74110609394041149
-0.50781755027817366
-0.32057550660023926
0.012469041361617951
-3.0291773414041456
-0.45701464087158256
1.2424484063907384
-1.0667013989847496
0.93372816267123848
0.35032100135611161
-0.029005763708726321
0.18245216750598342
-1.565056014150725
-0.084539479817724195
1.6039463506028804
0.098347774640107952
0.041373613489614672
-0.73416911269673868
-0.030813730012319962
0.23234701262447677
0.42638755740894502
-0.3728087417235042
-0.23645458375718628
2.0236908866030534
-2.2583539704961915
2.2294456804568989
0.33756370061310642
1.0000608195891247
-1.6641644749870603
-0.59003456420522149
-0.27806416376530935
0.42271569122047831
-1.6702006978504704
0.47163432641630271
-1.2128471996744594
0.066190048424611417
0.65235588866137395
0.32705996717708752
1.0826335042367561
1.0060771108190514
-0.65090773659775258
0.25705615743396887
-0.94437780640421898
-1.3217885213925638
0.9248259334937059
4.9849075250813308e-05
-0.054918914609406698
0.91112726565385982
0.59458369740905237
0.3502011738745352
1.2502512283049958
0.92978945855771566
0.23976325705858004
-0.69036110311122578
-0.65155364175028097
1.19210187053127
-1.6118303886778107
-0.024461936635918457
-1.9488471768989009
1.0204980144526539
0.86171630239341845
0.0011620834835138535
-0.070837213160480195
-2.4862839207032787
0.58117232267592278
-2.1924349199659048
-2.3192803066433023
0.079933710298439695
-0.94848098357050525
0.41149062142337417
0.67697780568402954
0.85773254520535525
-0.6911591253829914
0.4493776231668507
0.10063335031507648
0.82606999846992324
0.53615707992591877
0.8978884259850759
-0.13193786792458084
-0.14720145615126731
1.0077734053054386
-2.12365546241575
-0.50458640551400991
-1.2705944498086601
-0.38258480270764844
0.6486792620486207
0.82572714924175816
-1.0149436426801375
-0.47106991268316656
0.13702487413005029
-0.29186337575357335
0.30181855526100632
0.39993094295580212
-0.92996155894012944
-0.17683026592923176
-2.1320945991615345
1.1453617105184741
-0.62909076099415551
-1.2038499740022184
-0.25394468342281179
-1.4286468646320976
-0.020857617701600269
-0.56066499652818458
2.1777787091841541
1.1384653873295951
-2.496886503184502
0.44132693172760851
-1.3981378758110741
-0.25505517988080578
0.16440407331872858
0.74773402880812256
-0.27304694940290686
1.5763001465460751
-0.48093715177884522
0.32751212082968578
0.66473412062759452
0.085188592721160236
0.88095278538104782
0.32321313784759748
-0.7841461836640875
-1.8053733513860897
1.8585929485557051
-0.60453008877445902
0.10335972231064805
0.56316695514597781
0.11359699673400174
-0.90472621279803178
